Stiffness Matrix (8x8):
  173077  35714.3  -134615 -2747.25  24725.3 -35714.3 -63186.8  2747.25
 35714.3   173077  2747.25 -63186.8 -35714.3  24725.3 -2747.25  -134615
 -134615  2747.25   173077 -35714.3 -63186.8 -2747.25  24725.3  35714.3
-2747.25 -63186.8 -35714.3   173077  2747.25  -134615  35714.3  24725.3
 24725.3 -35714.3 -63186.8  2747.25   173077  35714.3  -134615 -2747.25
-35714.3  24725.3 -2747.25  -134615  35714.3   173077  2747.25 -63186.8
-63186.8 -2747.25  24725.3  35714.3  -134615  2747.25   173077 -35714.3
 2747.25  -134615  35714.3  24725.3 -2747.25 -63186.8 -35714.3   173077
